2017JD  theta1  r1  theta2  r2 theta3 r3
1 74.366742 0.452007 76.982648 0.162445 89.838868 0.358123
2 74.422116 0.451607 76.050875 0.156320 88.597870 0.360899
3 74.202370 0.448623 75.116664 0.155440 87.499039 0.364104
4 73.420352 0.444873 75.241599 0.154282 86.980665 0.367949
5 72.349211 0.440236 77.733442 0.153499 86.757012 0.369744
6 70.949211 0.434833 80.142003 0.160274 87.052015 0.369439
7 69.412688 0.425931 84.336603 0.171532 86.945201 0.367792
8 68.809783 0.418957 88.080638 0.178545 87.980285 0.368391
9 68.247050 0.411811 91.388924 0.192872 89.558571 0.362196
10 67.827633 0.405439 94.075476 0.206309 91.447535 0.358629
11 67.520810 0.402594 94.962254 0.217111 93.359929 0.349537
12 67.889152 0.399688 95.687542 0.223832 95.544795 0.340421
13 68.610675 0.401222 95.558900 0.227756 98.090851 0.334720
14 69.601027 0.402085 94.364989 0.226778 100.382010 0.325268
15 70.724372 0.402737 92.822123 0.220370 102.305312 0.318118
16 72.021839 0.408606 90.090436 0.207488 103.850911 0.314561
17 73.543254 0.418324 85.902204 0.188534 105.120427 0.314103
18 74.899265 0.430618 80.400072 0.167194 105.251915 0.317396
19 75.651547 0.440702 71.730707 0.145741 105.431822 0.320137
20 75.958358 0.445513 63.418815 0.134999 105.745086 0.319092
21 75.569393 0.450814 55.725408 0.126554 105.310232 0.320427
22 75.229256 0.451166 49.548080 0.123461 105.748578 0.322944
23 74.675786 0.455484 45.097679 0.120283 105.520709 0.326294
24 74.348836 0.458802 42.504887 0.118693 104.991261 0.329071
25 73.908641 0.460317 40.805736 0.116500 103.919795 0.331296
26 73.581093 0.460319 40.466891 0.114093 102.991740 0.330532
27 73.307104 0.463261 41.346594 0.116324 100.707045 0.331985
28 72.992995 0.471265 39.846853 0.110178 97.860846 0.336546
29 72.582605 0.474713 41.216905 0.107867 95.557840 0.335814
30 72.771101 0.482063 37.539376 0.103729 93.463160 0.345121
31 72.938563 0.489160 35.259887 0.100583 91.619302 0.352276
32 73.352939 0.492802 31.417302 0.099661 90.150917 0.357956
33 74.008096 0.493129 30.572826 0.097212 90.197482 0.363357
34 74.979757 0.493542 35.897791 0.096224 91.279589 0.370611
35 75.702740 0.489391 37.059693 0.095093 91.283972 0.373915
36 76.817238 0.488933 37.451356 0.099525 92.546348 0.382485
37 77.859193 0.484188 39.745661 0.108062 94.362523 0.385751
38 78.901439 0.476197 40.626308 0.106213 96.558070 0.389487
39 80.025837 0.469092 42.250837 0.109206 99.449266 0.393368
40 80.686724 0.459885 44.409884 0.115857 103.040030 0.391092
41 80.812970 0.454546 48.022791 0.118135 106.515514 0.395702
42 80.377622 0.441908 55.412468 0.126518 109.976106 0.399543
43 80.268735 0.432634 60.433534 0.131148 112.564202 0.403247
44 80.568470 0.429041 64.984541 0.132673 114.589236 0.408065
45 81.360541 0.425361 69.587515 0.135581 116.684912 0.413302
46 82.708363 0.422526 73.027476 0.137661 119.000702 0.413467
47 84.791228 0.426564 74.946097 0.133861 120.354087 0.415715
48 88.023872 0.426296 79.636505 0.130634 121.075546 0.416471
49 91.016201 0.428094 82.702292 0.123972 121.893851 0.421499
50 93.684406 0.424792 86.855605 0.122875 123.495738 0.423664
51 96.318279 0.417940 89.374871 0.120070 124.415889 0.420111
52 98.172978 0.406560 90.572400 0.122371 125.794905 0.413064
53 100.062219 0.392025 92.591754 0.130586 127.782700 0.411514
54 101.773991 0.373083 95.466527 0.141790 129.214159 0.408311
55 103.689457 0.359567 97.871910 0.152600 130.818972 0.410367
56 105.382419 0.345051 98.238191 0.174107 132.855744 0.412532
57 106.129702 0.333018 96.852150 0.186870 135.099577 0.413646
58 106.440928 0.324043 94.938243 0.204660 138.272404 0.414945
59 107.454882 0.321643 93.567722 0.211640 140.991765 0.418488
60 108.852210 0.321719 91.984710 0.215114 143.402221 0.424119
61 109.143212 0.327551 92.216435 0.213255 144.508458 0.425541
62 109.788119 0.328679 89.879119 0.216848 146.008510 0.429796
63 110.237723 0.335041 87.779210 0.211224 146.671663 0.431776
64 110.309281 0.335480 87.292162 0.206168 146.886551 0.431436
65 110.213333 0.337087 87.946869 0.206553 147.013223 0.436206
66 110.005049 0.337209 89.438840 0.205995 146.256907 0.435256
67 108.921566 0.334056 91.138112 0.204783 145.547364 0.432715
68 108.269038 0.334619 91.818214 0.204706 145.081248 0.431668
69 107.407853 0.333198 92.095449 0.204229 144.580706 0.428128
70 106.375565 0.330730 91.519960 0.203392 143.283649 0.420237
71 104.407505 0.327226 90.146998 0.203656 142.121658 0.409692
72 102.794624 0.325513 89.606557 0.200602 140.799921 0.401009
73 100.756085 0.322017 88.155362 0.202007 139.513383 0.392763
74 98.796571 0.320180 87.845863 0.200729 137.642159 0.383845
75 97.002383 0.318876 88.094915 0.200638 135.590526 0.380122
76 94.685772 0.317974 89.624838 0.200832 132.818022 0.373433
77 92.324840 0.317692 89.992714 0.196608 130.545789 0.367079
78 89.930576 0.316364 91.312051 0.194343 128.155131 0.369260
79 88.243145 0.320742 91.702315 0.188931 125.694981 0.370995
80 87.053723 0.323733 91.111313 0.185487 124.180797 0.370243
81 86.454817 0.328746 91.672841 0.184894 122.383153 0.371147
82 86.211554 0.334985 91.907019 0.174442 121.341658 0.370839
83 86.804191 0.346037 90.291869 0.154592 119.241392 0.371426
84 88.062861 0.358942 88.367721 0.135160 118.418774 0.379697
85 88.611408 0.365573 88.516838 0.125274 117.916187 0.381671
86 89.362563 0.361735 91.078244 0.123022 119.229415 0.375271
87 90.029835 0.361931 92.710706 0.119626 119.389854 0.376184
88 90.190302 0.363225 95.091676 0.112705 120.037176 0.377495
89 90.119547 0.361912 96.319321 0.112929 119.423101 0.374246
90 89.676278 0.361698 101.616319 0.114151 117.585914 0.366954
91 88.976029 0.366450 104.284579 0.113035 115.300553 0.364101
92 88.272036 0.371085 109.828714 0.113823 113.011532 0.360630
93 88.062672 0.379462 114.671408 0.110909 110.426889 0.365058
94 87.583739 0.391769 120.262196 0.093108 106.639922 0.368722
95 87.713659 0.395443 125.371748 0.083593 104.824081 0.363743
96 87.978022 0.401481 135.457430 0.068199 102.136469 0.359304
97 88.023369 0.408643 145.244900 0.059089 99.882883 0.361718
98 88.260352 0.415259 156.989695 0.056639 99.034430 0.367208
99 88.369044 0.413511 155.265006 0.057066 98.957935 0.366388
100 87.766482 0.418541 161.928076 0.061265 99.047309 0.375577
101 87.160490 0.423136 160.798619 0.066253 100.012877 0.390536
102 86.673530 0.424439 154.059613 0.078452 102.168204 0.406558
103 85.679708 0.428071 149.256515 0.092787 103.860214 0.425165
104 84.402779 0.430340 144.077076 0.107279 105.580619 0.435876
105 83.355028 0.432078 139.021781 0.124689 107.685141 0.452402
106 82.248213 0.442372 136.823136 0.139302 109.163703 0.473284
107 81.422593 0.453154 133.842113 0.147667 110.172329 0.488135
108 81.235806 0.464580 134.381821 0.150085 110.122352 0.502461
109 81.544952 0.481811 134.502120 0.143423 109.712861 0.518696
110 82.128245 0.501667 136.609533 0.132419 109.326944 0.527804
111 83.588364 0.523196 136.973708 0.113845 108.517759 0.537089
112 84.782494 0.545814 136.265392 0.094859 107.597564 0.544912
113 86.251628 0.566909 142.922983 0.076627 106.567723 0.556060
114 87.741338 0.586198 153.565999 0.059635 105.403456 0.561950
115 88.940070 0.601444 167.369179 0.050259 103.966353 0.570921
116 89.587375 0.602430 179.455718 0.042634 103.006152 0.569066
117 90.673929 0.603093 3.695179 0.042553 102.353882 0.573679
118 91.641792 0.598230 0.690139 0.050021 102.151976 0.574977
119 92.338363 0.588129 172.758188 0.057652 102.561351 0.574709
120 93.095253 0.574021 162.379004 0.066671 103.165656 0.574082
121 93.913139 0.558102 156.298853 0.078968 104.265445 0.574100
122 94.324756 0.541674 149.342593 0.092777 105.484333 0.577529
123 94.281779 0.522494 144.383212 0.104188 106.185875 0.574751
124 93.930295 0.503840 139.237835 0.116860 106.899372 0.571429
125 93.974807 0.488312 137.023787 0.132754 108.093409 0.572432
126 93.660394 0.470911 133.782972 0.149315 109.160156 0.569649
127 93.129825 0.453050 130.522966 0.166813 110.197275 0.560527
128 92.316542 0.435425 128.037650 0.183271 111.108385 0.546411
129 91.279953 0.420759 125.540357 0.198899 111.708791 0.533351
130 90.873016 0.409108 123.275912 0.211898 112.530704 0.516911
131 90.423614 0.397271 120.899775 0.226911 113.518140 0.498787
132 89.677865 0.387879 118.801319 0.241083 113.980798 0.480390
133 88.964936 0.383743 116.952552 0.249458 114.448988 0.464314
134 88.567682 0.381547 115.404002 0.254144 115.069449 0.448638
135 87.753505 0.382339 113.368011 0.259331 115.395465 0.432194
136 86.666120 0.385138 111.055909 0.259360 115.470066 0.418898
137 85.640125 0.392757 108.457171 0.254789 115.191571 0.407403
138 84.771927 0.398500 106.087540 0.247216 114.184100 0.395766
139 84.293252 0.406778 103.676013 0.233387 112.376182 0.388515
140 84.038570 0.415146 102.274595 0.218124 110.208978 0.387726
141 83.725301 0.424092 99.934585 0.196263 107.679625 0.391583
142 83.301093 0.423647 99.639214 0.195558 107.490864 0.390430
143 82.555708 0.414671 98.351132 0.198879 106.303383 0.393787
144 81.920973 0.408410 97.897857 0.190146 104.868755 0.394342
145 81.629145 0.399217 97.830366 0.185719 104.022033 0.395808
146 80.790923 0.384012 100.948033 0.203140 103.835245 0.393419
147 81.001971 0.378081 103.080616 0.203991 104.685407 0.399136
148 80.539798 0.364548 102.862222 0.218221 106.379449 0.386773
149 79.546203 0.359095 103.338311 0.225195 106.284218 0.378122
150 79.256978 0.361965 102.848166 0.223155 106.510721 0.373235
151 78.627852 0.366773 101.836201 0.220511 105.798647 0.364431
152 79.951186 0.369728 99.457879 0.206712 105.500661 0.360293
153 79.961237 0.375022 97.747961 0.194599 103.985543 0.353699
154 80.080071 0.381731 95.949189 0.183750 103.117515 0.350351
155 79.901122 0.385974 93.375704 0.174711 102.653525 0.344891
156 79.360067 0.392754 93.234356 0.165100 100.587930 0.343658
157 78.516276 0.398629 93.175542 0.157504 100.056561 0.344203
158 77.607090 0.403186 93.539331 0.148744 98.834339 0.343815
159 76.209258 0.404935 93.630131 0.140843 97.153983 0.339392
160 75.314586 0.407001 94.828305 0.136866 95.900450 0.338752
161 73.543898 0.409547 95.620856 0.133416 93.422304 0.337829
162 72.645545 0.407375 96.630916 0.130420 92.208255 0.335530
163 71.834890 0.407180 96.090673 0.129262 91.245870 0.334429
164 71.214323 0.409969 96.116528 0.124119 89.379213 0.338863
165 70.771321 0.410285 96.511587 0.121270 87.616656 0.340781
166 71.232646 0.408179 95.328670 0.117181 86.994515 0.344622
167 70.861156 0.409546 94.133571 0.111089 85.981824 0.343723
168 70.749931 0.405476 91.260854 0.113955 85.870533 0.338013
169 69.930240 0.398329 90.035446 0.117190 85.149770 0.323951
170 70.200698 0.396478 91.318682 0.122755 85.858389 0.322683
171 69.737611 0.393515 91.713213 0.128275 86.284819 0.310054
172 69.337828 0.396223 87.595360 0.130135 86.936211 0.300427
173 68.687033 0.397566 83.813360 0.127636 86.883457 0.288996
174 67.739510 0.399400 80.220660 0.125387 87.118237 0.277663
175 68.219614 0.398377 75.450919 0.116924 90.522594 0.268354
176 68.286702 0.400183 73.158834 0.113299 93.251326 0.259732
177 68.982988 0.408028 70.558254 0.106813 95.034298 0.268641
178 69.142223 0.413699 69.168278 0.102046 95.867350 0.271645
179 68.863301 0.424300 70.438223 0.096723 95.346592 0.278569
180 68.363474 0.425303 70.339057 0.094738 94.429629 0.275074
181 68.091227 0.425108 69.272550 0.095755 94.043073 0.271404
182 67.754839 0.425586 67.866695 0.097694 93.263011 0.266458
183 67.296484 0.422852 66.128717 0.097749 90.866149 0.262878
184 67.122934 0.421391 65.085263 0.101479 88.807388 0.259218
185 66.600354 0.421302 62.667824 0.101378 86.075899 0.255509
186 66.424633 0.418810 59.991792 0.103094 83.450630 0.253293
187 66.288764 0.419592 58.234123 0.105172 81.110076 0.253230
188 66.941370 0.417139 55.307682 0.105443 78.839949 0.255255
189 67.612430 0.417021 52.192344 0.102253 75.859710 0.259803
190 68.548671 0.417967 49.925836 0.098326 73.520271 0.267861
191 69.263146 0.418199 49.444881 0.097239 71.888169 0.274764
192 70.365966 0.421705 46.952954 0.095602 70.781212 0.284324
193 71.393045 0.418241 46.218415 0.093693 70.492270 0.288623
194 72.323587 0.416459 49.343959 0.092515 70.872118 0.295848
195 72.598468 0.415816 52.188487 0.089664 71.144427 0.302555
196 72.375721 0.413519 57.942955 0.092579 72.325314 0.303128
197 72.269661 0.412559 63.841188 0.089252 73.981393 0.305862
198 71.265248 0.408169 72.741938 0.099730 75.911955 0.302113
199 70.369741 0.406789 78.905590 0.108314 78.450350 0.300555
200 68.961029 0.401029 84.804511 0.122330 80.381602 0.288105
201 67.803447 0.397021 89.830524 0.144528 82.957896 0.281833
202 67.387286 0.391941 93.202682 0.157155 86.923040 0.275190
203 67.136248 0.388072 94.207636 0.170537 90.088619 0.263234
204 67.040456 0.383033 94.774460 0.185832 93.005206 0.257230
205 67.802566 0.383014 94.710697 0.191873 94.030078 0.256728
206 68.769848 0.378782 93.914333 0.203948 96.493260 0.249493
207 70.643480 0.380749 92.841863 0.203007 95.554820 0.249833
208 73.243642 0.383860 92.175907 0.197800 95.295301 0.256880
209 75.434194 0.386825 91.489284 0.194306 94.272893 0.265204
210 77.035158 0.389244 91.300125 0.190507 93.509235 0.271395
211 79.113530 0.391193 91.740114 0.181041 92.554241 0.281770
212 79.786215 0.394662 92.142074 0.173366 92.044420 0.295531
213 81.050234 0.393396 93.805184 0.165036 92.412354 0.309872
214 81.851745 0.392001 97.524130 0.155582 92.838229 0.322646
215 83.256174 0.390007 100.670297 0.154814 95.509585 0.338598
216 83.612653 0.386887 105.059917 0.155169 97.083213 0.352960
217 84.288327 0.378938 108.578384 0.164845 98.952504 0.359142
218 84.779202 0.370734 110.955159 0.174954 100.844825 0.363945
219 85.120579 0.364287 113.950093 0.180679 102.729508 0.370765
220 86.029405 0.357040 113.652485 0.188833 104.689948 0.375055
221 87.016653 0.346860 114.575236 0.203985 107.310949 0.371429
222 88.263136 0.341648 115.396749 0.213799 109.616664 0.373626
223 89.021677 0.342549 115.014251 0.212839 110.641654 0.379915
224 90.599652 0.338101 114.310144 0.221303 112.543688 0.382821
225 91.839136 0.338155 114.440626 0.227952 113.644859 0.388506
226 91.962491 0.341391 114.907470 0.228467 113.730669 0.395305
227 92.487049 0.342748 114.329142 0.234072 114.431329 0.402388
228 91.354469 0.344571 113.422433 0.235857 112.808339 0.397315
229 90.020764 0.343153 112.921094 0.241088 111.693180 0.396967
230 88.530507 0.339751 112.847852 0.248606 111.455453 0.388455
231 86.891268 0.333025 112.803455 0.257230 111.295924 0.379624
232 84.696699 0.329307 111.853608 0.256826 109.277475 0.365137
233 82.628660 0.329567 110.103894 0.252987 107.311463 0.351439
234 80.607408 0.329220 108.419487 0.246082 105.020810 0.334622
235 78.452339 0.333957 107.682176 0.236545 101.623412 0.319874
236 76.945210 0.333421 104.583423 0.224950 98.543165 0.299762
237 76.216906 0.335415 101.370616 0.212016 95.133926 0.289464
238 75.840642 0.340356 98.870502 0.198993 91.880626 0.287088
239 75.870333 0.342495 97.118949 0.190350 89.608188 0.284111
240 75.315969 0.348436 94.018054 0.180353 87.618897 0.282704
241 75.130077 0.353259 93.532068 0.171571 84.948643 0.282284
242 75.390983 0.358888 93.426929 0.164281 84.344206 0.286844
243 75.940377 0.365007 94.239257 0.157092 84.557860 0.293325
244 76.380016 0.371204 94.738518 0.154827 85.238576 0.301438
245 77.050207 0.374391 95.531698 0.151536 87.112569 0.307605
246 77.512377 0.376856 96.261709 0.149147 87.858108 0.313686
247 77.631904 0.378017 95.513088 0.153711 89.110056 0.316248
248 77.763638 0.380275 94.848368 0.151771 90.237559 0.321008
249 77.763763 0.378507 93.041678 0.155572 91.663603 0.320180
250 77.487710 0.377693 91.728493 0.155818 92.597815 0.322329
251 77.110886 0.376365 90.366079 0.158861 93.608686 0.321688
252 76.758718 0.375281 89.171437 0.161127 93.943187 0.321616
253 76.255531 0.376070 88.653199 0.162845 94.180563 0.320204
254 75.620142 0.377508 85.368844 0.162154 94.095585 0.318836
255 75.456835 0.377637 82.762419 0.160993 94.079956 0.317645
256 74.863656 0.374540 81.146744 0.160262 93.002568 0.310092
257 74.219635 0.375950 79.548420 0.154806 92.064979 0.308250
258 73.235378 0.380001 76.102576 0.144899 89.864606 0.313353
259 73.264234 0.383366 75.384539 0.129136 87.683429 0.316080
260 72.948937 0.387072 74.138829 0.117972 85.369707 0.321989
261 73.136836 0.388018 70.010867 0.109656 83.491829 0.322950
262 73.199871 0.391108 65.916643 0.098789 81.300934 0.325490
263 73.440629 0.393155 61.167249 0.087169 79.459207 0.327607
264 73.931956 0.394803 59.678395 0.073412 77.986103 0.329812
265 74.227434 0.398275 55.866340 0.060811 77.255071 0.333835
266 74.563269 0.401390 53.651926 0.056547 78.111425 0.336416
267 74.786668 0.404402 47.025840 0.053758 79.624657 0.331107
268 74.726741 0.407009 45.973805 0.060433 82.784398 0.328566
269 73.913943 0.407800 47.101208 0.064463 85.597017 0.325334
270 73.623595 0.407106 48.400051 0.077200 89.258896 0.324901
271 73.063588 0.404468 51.519605 0.087530 92.971580 0.323289
272 72.135646 0.402505 51.099640 0.098855 96.635550 0.323886
273 71.831851 0.393447 55.101224 0.116788 101.062069 0.320253
274 71.785145 0.386808 55.598809 0.130729 104.515532 0.317897
275 72.173156 0.378939 55.497443 0.149627 108.199661 0.308023
276 72.518532 0.379532 53.772761 0.158653 108.693387 0.307306
277 73.510911 0.383270 50.079664 0.160124 108.759466 0.307610
278 74.535952 0.382706 45.869639 0.162363 107.428883 0.301242
279 76.057961 0.392985 39.977959 0.158624 105.032318 0.310825
280 77.529192 0.400297 34.051353 0.151638 102.278089 0.316450
281 78.484609 0.403379 28.352251 0.152035 98.975074 0.315802
282 79.014320 0.408653 25.263834 0.144551 95.349206 0.317432
283 79.147733 0.414494 20.995899 0.139882 93.432875 0.324702
284 78.686142 0.411043 22.418439 0.127128 91.379544 0.322501
285 77.606561 0.410235 25.788436 0.113832 88.902935 0.330041
286 76.383474 0.410381 30.055092 0.099140 89.510666 0.338169
287 75.539430 0.410794 34.876392 0.090424 90.417345 0.345181
288 74.646282 0.408771 46.284581 0.079485 91.849174 0.348710
289 73.715244 0.410249 55.862068 0.080722 93.499239 0.350890
290 73.491554 0.410612 59.822629 0.087501 95.189721 0.351508
291 73.366807 0.403713 59.746884 0.099351 97.244178 0.341646
292 73.257623 0.406660 51.301358 0.100808 97.539606 0.334792
293 73.959138 0.401310 40.352841 0.109183 97.492032 0.321019
294 74.075595 0.398967 30.585715 0.116641 95.620992 0.304658
295 74.484384 0.396203 21.772452 0.128599 93.902579 0.292213
296 74.794468 0.390292 14.216452 0.136103 90.639499 0.284789
297 74.887659 0.386387 7.050401 0.143105 86.409894 0.281145
298 74.893877 0.380206 3.458794 0.147396 82.845936 0.280772
299 75.338610 0.372596 1.155035 0.151058 78.545179 0.281225
300 75.129476 0.366458 1.791101 0.150373 75.507277 0.285725
301 74.781792 0.362531 4.852180 0.145504 73.321265 0.293068
302 73.872874 0.361280 7.953237 0.134807 71.259098 0.299908
303 72.903118 0.360218 11.413787 0.120368 69.322076 0.310347
304 71.997031 0.355873 20.383852 0.110699 68.020205 0.313981
305 71.304964 0.350996 36.327536 0.100413 67.954080 0.316511
306 70.718908 0.345724 50.704640 0.104963 68.354622 0.313668
307 70.343451 0.337335 60.746287 0.116621 69.057205 0.305669
308 69.646058 0.332022 72.856808 0.129614 69.965464 0.305032
309 68.857273 0.326708 79.127438 0.137707 70.979700 0.300915
310 66.946939 0.320251 84.873895 0.156970 71.978645 0.293722
311 66.004073 0.317395 88.888348 0.176668 74.781914 0.289159
312 64.644616 0.313412 89.296782 0.192289 76.953500 0.281622
313 63.221282 0.315335 91.639059 0.209331 79.754009 0.278634
314 63.065489 0.318852 91.299497 0.217386 81.745817 0.278470
315 63.129464 0.323792 89.601245 0.223075 83.931642 0.275381
316 63.600877 0.328649 88.789449 0.227321 84.850775 0.266667
317 65.472224 0.336014 87.209391 0.226656 86.594099 0.265872
318 67.510575 0.343907 83.537757 0.217084 86.881023 0.269342
319 69.385907 0.353687 80.015985 0.206015 86.185368 0.276715
320 71.622034 0.365661 76.363191 0.192563 85.956217 0.283680
321 73.036514 0.376685 73.576309 0.181785 86.066358 0.295532
322 73.832506 0.374574 72.463181 0.175719 85.428670 0.302264
323 74.019217 0.371239 72.375334 0.170842 83.947209 0.306751
324 73.917469 0.366120 75.530876 0.168215 82.950638 0.312896
325 73.600961 0.359169 78.704940 0.171882 82.522146 0.317709
326 72.742017 0.355474 83.095829 0.174654 82.030524 0.320567
327 72.361489 0.349594 88.121103 0.184219 81.704002 0.321317
328 71.586947 0.343720 92.121423 0.194503 81.121165 0.323332
329 71.216516 0.343502 96.423292 0.200250 80.688604 0.333598
330 70.696222 0.335761 99.958479 0.211207 79.835348 0.331339
331 69.957470 0.329927 100.781035 0.225895 78.963826 0.329540
332 69.567965 0.324872 100.883581 0.236344 78.459861 0.325757
333 68.667489 0.321598 99.603484 0.250062 78.227966 0.319474
334 68.532790 0.314974 96.202067 0.257786 77.688062 0.309553
335 69.056350 0.313528 96.366761 0.263747 78.114542 0.307371
336 69.675560 0.307436 92.704745 0.274851 78.511801 0.301507
337 70.287643 0.297994 91.800350 0.284560 78.259151 0.287151
338 71.541763 0.296244 91.571205 0.284107 78.717815 0.288295
339 72.802464 0.289263 91.282782 0.293699 79.223372 0.277875
340 73.583286 0.288626 90.053164 0.296370 78.920239 0.274662
341 74.697518 0.282657 87.682527 0.300286 79.990681 0.265522
342 75.910952 0.283407 84.847023 0.299086 80.740656 0.265066
343 76.536605 0.281928 83.352657 0.301016 81.156007 0.263981
344 77.095449 0.279307 83.901283 0.301200 82.624711 0.265569
345 76.799490 0.277009 84.528691 0.299432 83.367133 0.268485
346 75.417068 0.277332 83.796158 0.306618 84.898672 0.269565
347 74.594650 0.272915 84.987727 0.309549 86.247825 0.270327
348 73.317669 0.272475 85.904796 0.315100 87.806137 0.271304
349 71.451757 0.270232 86.954163 0.319141 89.356840 0.269593
350 69.613904 0.268622 87.924593 0.319207 90.786498 0.267990
351 68.209076 0.267972 89.040452 0.322008 92.319071 0.264371
352 67.987447 0.265971 90.162792 0.322041 93.172225 0.261684
353 67.117551 0.267995 90.263448 0.318616 93.002991 0.260555
354 67.901939 0.269866 89.973914 0.307495 93.047204 0.258749
355 68.426851 0.270766 90.884437 0.299306 92.651242 0.256026
356 69.259734 0.272081 89.825839 0.287859 92.659490 0.253642
357 69.997014 0.273708 88.956733 0.274613 92.537723 0.249349
358 71.162005 0.278083 88.163056 0.259786 93.574552 0.248302
359 72.321440 0.282972 87.118922 0.247846 94.763457 0.245887
360 73.537476 0.290356 85.249754 0.232664 95.242681 0.245979
361 74.940347 0.295189 82.700618 0.218765 96.762181 0.246045
362 75.883958 0.299167 80.822637 0.212049 98.741512 0.245338
363 76.790368 0.307072 77.581118 0.202818 101.011508 0.249768
364 77.413932 0.311267 75.284063 0.200569 103.809974 0.250192
365 78.137362 0.316375 72.666339 0.191350 103.959629 0.254362
